{
  "nbformat": 4,
  "nbformat_minor": 0,
  "metadata": {
    "colab": {
      "name": "progetto.ipynb",
      "provenance": [],
      "collapsed_sections": [],
      "authorship_tag": "ABX9TyMDWMtjXzE3Q2ICkA4kna2O",
      "include_colab_link": true
    },
    "kernelspec": {
      "name": "python3",
      "display_name": "Python 3"
    },
    "language_info": {
      "name": "python"
    }
  },
  "cells": [
    {
      "cell_type": "markdown",
      "metadata": {
        "id": "view-in-github",
        "colab_type": "text"
      },
      "source": [
        "<a href=\"https://colab.research.google.com/github/AndreaBerce/operational-research-project/blob/main/progetto.ipynb\" target=\"_parent\"><img src=\"https://colab.research.google.com/assets/colab-badge.svg\" alt=\"Open In Colab\"/></a>"
      ]
    },
    {
      "cell_type": "code",
      "metadata": {
        "id": "OecfXWYZUm58"
      },
      "source": [
        "import math\n",
        "import random\n",
        "import itertools\n",
        "import matplotlib.pyplot as plt\n",
        "\n",
        "# Base class\n",
        "class SymmetricTPS:\n",
        "\n",
        "  \"\"\"\n",
        "  Initialization of objects\n",
        "  \"\"\"\n",
        "  def __init__(self, distance_matrix):\n",
        "    self.distance_matrix = distance_matrix[:]\n",
        "    self.solution = [x for x in range(0, len(self.distance_matrix) ) ]\n",
        "    self.solutions = [[x for x in range(0, len(self.distance_matrix) ) ]]\n",
        "\n",
        "\n",
        "  \"\"\"\n",
        "  Calculation of the cost of a route\n",
        "  \"\"\"\n",
        "  def cost(self, route):\n",
        "    dm = self.distance_matrix\n",
        "\n",
        "    count = 0\n",
        "    for i in range(0, len(route) - 1 ):\n",
        "      count += dm[ route[i] ][ route[i+1] ]\n",
        "    count += dm[ route[len(route) - 1] ][ route[0] ]\n",
        "\n",
        "    return count\n",
        "\n",
        "\n",
        "  \"\"\"\n",
        "  Print of a route\n",
        "  \"\"\"\n",
        "  def print_route(self, route = None):\n",
        "    plan_output = 'Route:\\n'\n",
        "    if route == None:\n",
        "      route = self.solution\n",
        "      plan_output = 'Route solution:\\n'\n",
        "    \n",
        "    for item in route:\n",
        "      plan_output += ' {} ->'.format(item)\n",
        "    plan_output += ' {}\\n'.format(route[0])\n",
        "\n",
        "    plan_output += 'Cost of route: {}'.format(self.cost(route))\n",
        "    print(plan_output)\n",
        "\n",
        "\n",
        "  \"\"\"\n",
        "  Calculation of the costs of all stored routes\n",
        "  \"\"\"\n",
        "  def history_costs(self):\n",
        "    return [self.cost(x) for x in self.solutions]\n",
        "\n",
        "  \"\"\"\n",
        "  Print of the costs of all stored routes\n",
        "  \"\"\"\n",
        "  def print_history(self):\n",
        "    #print( '\\n'.join(str(x) for x in self.history_costs())  )\n",
        "    print(\"Storia\")\n",
        "    for x in self.solutions:\n",
        "      self.print_route(x)\n",
        "\n",
        "\n",
        "  \"\"\"\n",
        "  2-opt local search algorithm\n",
        "  \"\"\"\n",
        "  def two_opt(self, route = None):\n",
        "    if route == None:\n",
        "      route = self.solution[:]\n",
        "    else:\n",
        "      route = route[:]\n",
        "    best  = route[:]\n",
        "\n",
        "    improved = True\n",
        "    while improved:\n",
        "      improved = False\n",
        "      for i in range(1, len(route) - 2):\n",
        "        for j in range(i + 1, len(route)):\n",
        "          if j - i == 1: continue\n",
        "          new_route = route[:]\n",
        "          new_route[i:j] = route[j - 1:i - 1: -1]\n",
        "          if self.cost(new_route) < self.cost(best):\n",
        "            best = new_route\n",
        "            improvement = True\n",
        "            route = best\n",
        "    return best\n",
        "  \n",
        "\n",
        "  \"\"\"\n",
        "  Swap two items in a list\n",
        "  \"\"\"\n",
        "  @staticmethod\n",
        "  def swap_two_items(route, i, j):\n",
        "    temp     = route[i]\n",
        "    route[i] = route[j]\n",
        "    route[j] = temp\n",
        "  \n",
        "\n",
        "  \"\"\"\n",
        "  City swap local search algorithm\n",
        "  \"\"\"\n",
        "  def city_swap(self, route = None):\n",
        "    if route == None:\n",
        "      route = self.solution[:]\n",
        "    else:\n",
        "      route = route[:]\n",
        "    cost_route = self.cost(route)\n",
        "\n",
        "    best  = route[:]\n",
        "    cost_best = self.cost(best)\n",
        "    N = len(route) - 1\n",
        "\n",
        "    improved = True\n",
        "    while improved:\n",
        "      improved = False\n",
        "      for i in range(0, N - 1):\n",
        "        for j in range(i + 1, N):\n",
        "          self.swap_two_items(route, i, j)\n",
        "          cost_route = self.cost(route)\n",
        "          if cost_route < cost_best:\n",
        "            best = route[:]\n",
        "            cost_best = cost_route\n",
        "            improvement = True\n",
        "            break\n",
        "          self.swap_two_items(route, j, i)\n",
        "\n",
        "    return best\n",
        "  \n",
        "\n",
        "  \"\"\"\n",
        "  Swap element in a list\n",
        "  \"\"\"\n",
        "  @staticmethod\n",
        "  def swap_item(route, idx, i):\n",
        "    route.remove(i)\n",
        "    route.insert(idx, i)\n",
        "\n",
        "\n",
        "  \"\"\"\n",
        "  City insert local search algorithm\n",
        "  \"\"\"\n",
        "  def city_insert(self, route = None):\n",
        "    if route == None:\n",
        "      route = self.solution[:]\n",
        "    else:\n",
        "      route = route[:]\n",
        "    cost_route = self.cost(route)\n",
        "\n",
        "    best  = route[:]\n",
        "    cost_best = self.cost(best)\n",
        "    N = len(route) - 1\n",
        "\n",
        "    improved = True\n",
        "    while improved:\n",
        "      improved = False\n",
        "      for i in range(0, N):\n",
        "        for idx in [x for x in range(N) if x != i]:\n",
        "          self.swap_item(route, idx, i)\n",
        "          cost_route = self.cost(route)\n",
        "          if cost_route < cost_best:\n",
        "            best = route[:]\n",
        "            cost_best = cost_route\n",
        "            improvement = True\n",
        "            break\n",
        "          self.swap_item(route, idx, i)\n",
        "\n",
        "    return best\n",
        "  \n",
        "\n",
        "  \"\"\"\n",
        "  Rotation of elements in a list\n",
        "  \"\"\"\n",
        "  @staticmethod\n",
        "  def rotation(route, i):\n",
        "    for _ in itertools.repeat(None, i):\n",
        "      route.append( route.pop(0) )\n",
        "\n",
        "\n",
        "  \"\"\"\n",
        "  Perform a random 4-opt (\"double bridge\") move on a tour.\n",
        "  E.g.\n",
        "  Step 1 rotation items\n",
        "    0   1   2   3   4   5   6   7\n",
        "    random number = 2\n",
        "    5   6   7   0   1   2   3   4\n",
        "  \n",
        "  Step 2 select node\n",
        "      A--B             A  B             0--1             0  1\n",
        "     /    \\           /|  |\\           /    \\           /|  |\\\n",
        "    H      C         H------C         7      2         7------2\n",
        "    |      |   -->     |  |           |      |   -->     |  |\n",
        "    G      D         G------D         6      3         6------3\n",
        "     \\    /           \\|  |/           \\    /           \\|  |/\n",
        "      F--E             F  E             5--4             5  4\n",
        "\n",
        "  Step 3 rearrangement\n",
        "      0   1   2   3   4   5   6   7\n",
        "\n",
        "    ..A   F...G   D...E   B...C   H...\n",
        "    ..0   5...6   3...4   1...2   7...\n",
        "  \n",
        "  Where edges AB, CD, EF and GH are chosen randomly.\n",
        "  \"\"\"\n",
        "  def double_bridge(self, route):\n",
        "    if route == None:\n",
        "      route = self.solution[:]\n",
        "    else:\n",
        "      route = route[:]\n",
        "\n",
        "    # Step 1\n",
        "    random_number = random.randint(0, len(route))\n",
        "    self.rotation(route, random_number)\n",
        "\n",
        "    # Step 2\n",
        "    dim = ( (len(route) - 1) / 4 ) - 1\n",
        "    A = random.randint(0, dim)\n",
        "    B = A + 1\n",
        "    C = B + random.randint(1, dim)\n",
        "    D = C + 1\n",
        "    E = D + random.randint(1, dim)\n",
        "    F = E + 1\n",
        "    G = F + random.randint(1, dim)\n",
        "    H = G +1\n",
        "\n",
        "    # Step 3\n",
        "    new_route = []\n",
        "    if A == 0:\n",
        "      new_route = [ route[A] ]\n",
        "    else:\n",
        "      new_route.extend( route[0:A+1] )\n",
        "\n",
        "    new_route.extend( route[F:G+1] )\n",
        "    new_route.extend( route[D:E+1] )\n",
        "    new_route.extend( route[B:C+1] )\n",
        "\n",
        "    dim = len(route)\n",
        "    if H == (dim - 1):\n",
        "      new_route.append( route[H] )\n",
        "    else:\n",
        "      new_route.extend( route[H:(dim)] )\n",
        "\n",
        "    return new_route\n",
        "  \n",
        "\n",
        "  \"\"\"\n",
        "  E.g.\n",
        "  Step 1 rotation items\n",
        "    0   1   2   3   4   5   6   7\n",
        "    random number = 2\n",
        "    5   6   7   0   1   2   3   4\n",
        "\n",
        "  Step 2 select node\n",
        "      A--B             A      B             0--1             0      1\n",
        "     /    \\           /|      |\\           /    \\           /|      |\\ \n",
        "    H      C         H----------C         7      2         7----------2\n",
        "    |      |   -->     |      |           |      |   -->     |      |\n",
        "    G      D           G      D           6      3           6      3\n",
        "     \\    /             \\    /             \\    /             \\    /\n",
        "      F--E               F--E               5--4               5--4\n",
        "\n",
        "  Step 3 rearrangement\n",
        "      0   1   2   3   4   5   6   7\n",
        "\n",
        "    ..A   G...F   E...D   B...C   H...\n",
        "    ..0   6...5   4...3   1...2   7...\n",
        "  \"\"\"\n",
        "  def wolf_s_mouth(self, route):\n",
        "    if route == None:\n",
        "      route = self.solution[:]\n",
        "    else:\n",
        "      route = route[:]\n",
        "\n",
        "    # Step 1\n",
        "    random_number = random.randint(0, len(route))\n",
        "    self.rotation(route, random_number)\n",
        "\n",
        "    # Step 2\n",
        "    dim = ( (len(route) - 1) / 4 ) - 1\n",
        "    A = random.randint(0, dim)\n",
        "    B = A + 1\n",
        "    C = B + random.randint(1, dim)\n",
        "    D = C + 1\n",
        "    E = D + random.randint(1, dim)\n",
        "    F = E + 1\n",
        "    G = F + random.randint(1, dim)\n",
        "    H = G +1\n",
        "\n",
        "    # Step 3\n",
        "    new_route = []\n",
        "    if A == 0:\n",
        "      new_route = [ route[A] ]\n",
        "    else:\n",
        "      new_route.extend( route[0:A+1] )\n",
        "    new_route.extend( route[G:F-1:-1] )\n",
        "    new_route.extend( route[E:D-1:-1] )\n",
        "    new_route.extend( route[B:C+1] )\n",
        "    new_route.extend( route[H:len(route)] )\n",
        "\n",
        "    return new_route\n",
        "    \n",
        "    return False\n",
        "  \n",
        "\n",
        "  \"\"\"\n",
        "  Aligns the list of routes from 0\n",
        "  \"\"\"\n",
        "  @staticmethod\n",
        "  def aligns_from_0(route):\n",
        "\n",
        "    SymmetricTPS.rotation(route, route.index(0) )\n",
        "    if route[1] > route[len(route)-1]:\n",
        "      SymmetricTPS.rotation(route, 1 )\n",
        "      route.reverse()\n",
        "    \n",
        "    return route\n",
        "\n",
        "\n",
        "  \"\"\"\n",
        "  Calculate if the route is better than the current solution\n",
        "  \"\"\"\n",
        "  def is_best(self, route):\n",
        "    cost_sol = self.cost(self.solution)\n",
        "    cost_route = self.cost(route)\n",
        "\n",
        "    if cost_sol > cost_route:\n",
        "      self.solution = self.aligns_from_0( route[:] )\n",
        "    \n",
        "    return True\n",
        "\n",
        "\n",
        "  \"\"\"\n",
        "  Accentuation algorithm of the best solution found\n",
        "  \"\"\"\n",
        "  def better(self, tsp1, tsp2):\n",
        "    cost_tsp1 = self.cost(tsp1)\n",
        "    cost_tsp2 = self.cost(tsp2)\n",
        "\n",
        "    sol = []\n",
        "    if cost_tsp1 < cost_tsp2:\n",
        "      sol = tsp1[:]\n",
        "    else:\n",
        "      sol = tsp2[:]\n",
        "    \n",
        "    self.is_best(sol)\n",
        "\n",
        "    return sol\n",
        "\n",
        "  \n",
        "  \"\"\"\n",
        "  Accentuation algorithm of the last solution found\n",
        "  \"\"\"\n",
        "  def last(self, tsp1, tsp2):\n",
        "    self.is_best(tsp2)\n",
        "    return tsp2[:]\n",
        "\n",
        "\n",
        "  \"\"\"\n",
        "  Iterated Local Search algorithm\n",
        "  \"\"\"\n",
        "  def ils(self, ls, pb, ac, n=5):\n",
        "    # Local search algorithm selection\n",
        "    if ls == \"2-opt\":\n",
        "      localSearch = self.two_opt\n",
        "    elif ls == \"city_swap\":\n",
        "      localSearch = self.city_swap\n",
        "    elif ls == \"city_insert\":\n",
        "      localSearch = self.city_insert\n",
        "    else:\n",
        "      return False\n",
        "    \n",
        "    # Diversification algorithm selection\n",
        "    if pb == \"double_bridge\":\n",
        "      perturbation = self.double_bridge\n",
        "    elif pb == \"wolf_s_mouth\":\n",
        "      perturbation = self.wolf_s_mouth\n",
        "    else:\n",
        "      return False\n",
        "    \n",
        "    # Acceptance algorithm selection\n",
        "    if ac == \"better\":\n",
        "      acceptanceTest = self.better\n",
        "    elif ac == \"last\":\n",
        "      acceptanceTest = self.last\n",
        "    else:\n",
        "      return False\n",
        "\n",
        "    # Iterated Local Search\n",
        "    x = localSearch()\n",
        "    self.solution = self.aligns_from_0( x[:] )\n",
        "    self.solutions.append( self.aligns_from_0( x[:] ) )\n",
        "    i = 0\n",
        "    while i < n:\n",
        "      x_pr = perturbation(x)\n",
        "\n",
        "      x_ls = localSearch(x_pr)\n",
        "      \n",
        "      self.solutions.append( self.aligns_from_0(x_ls[:]) )\n",
        "\n",
        "      x = acceptanceTest(x, x_ls)\n",
        "\n",
        "      i += 1\n",
        "\n",
        "    return True\n"
      ],
      "execution_count": null,
      "outputs": []
    },
    {
      "cell_type": "code",
      "metadata": {
        "colab": {
          "base_uri": "https://localhost:8080/"
        },
        "id": "5zCOvgUcADya",
        "outputId": "47395f48-7ee2-47c7-c942-91bcd894a076"
      },
      "source": [
        "# Dataset bays29 with the best route costing 2020\n",
        "distance_matrix = [\n",
        "    [  0, 107, 241, 190, 124,  80, 316,  76, 152, 157, 283, 133, 113, 297, 228, 129, 348, 276, 188, 150,  65, 341, 184,  67, 221, 169, 108,  45, 167],\n",
        "    [107,   0, 148, 137,  88, 127, 336, 183, 134,  95, 254, 180, 101, 234, 175, 176, 265, 199, 182,  67,  42, 278, 271, 146, 251, 105, 191, 139,  79],\n",
        "    [241, 148,   0, 374, 171, 259, 509, 317, 217, 232, 491, 312, 280, 391, 412, 349, 422, 356, 355, 204, 182, 435, 417, 292, 424, 116, 337, 273,  77],\n",
        "    [190, 137, 374,   0, 202, 234, 222, 192, 248,  42, 117, 287,  79, 107,  38, 121, 152,  86,  68,  70, 137, 151, 239, 135, 137, 242, 165, 228, 205],\n",
        "    [124,  88, 171, 202,   0,  61, 392, 202,  46, 160, 319, 112, 163, 322, 240, 232, 314, 287, 238, 155,  65, 366, 300, 175, 307,  57, 220, 121,  97],\n",
        "    [ 80, 127, 259, 234,  61,   0, 386, 141,  72, 167, 351,  55, 157, 331, 272, 226, 362, 296, 232, 164,  85, 375, 249, 147, 301, 118, 188,  60, 185],\n",
        "    [316, 336, 509, 222, 392, 386,   0, 233, 438, 254, 202, 439, 235, 254, 210, 187, 313, 266, 154, 282, 321, 298, 168, 249,  95, 437, 190, 314, 435],\n",
        "    [ 76, 183, 317, 192, 202, 141, 233,   0, 213, 188, 272, 193, 131, 302, 233,  98, 344, 289, 177, 216, 141, 346, 108,  57, 190, 245,  43,  81, 243],\n",
        "    [152, 134, 217, 248,  46,  72, 438, 213,   0, 206, 365,  89, 209, 368, 286, 278, 360, 333, 284, 201, 111, 412, 321, 221, 353,  72, 266, 132, 111],\n",
        "    [157,  95, 232,  42, 160, 167, 254, 188, 206,   0, 159, 220,  57, 149,  80, 132, 193, 127, 100,  28,  95, 193, 241, 131, 169, 200, 161, 189, 163],\n",
        "    [283, 254, 491, 117, 319, 351, 202, 272, 365, 159,   0, 404, 176, 106,  79, 161, 165, 141,  95, 187, 254, 103, 279, 215, 117, 359, 216, 308, 322],\n",
        "    [133, 180, 312, 287, 112,  55, 439, 193,  89, 220, 404,   0, 210, 384, 325, 279, 415, 349, 285, 217, 138, 428, 310, 200, 354, 169, 241, 112, 238],\n",
        "    [113, 101, 280,  79, 163, 157, 235, 131, 209,  57, 176, 210,   0, 186, 117,  75, 231, 165,  81,  85,  92, 230, 184,  74, 150, 208, 104, 158, 206],\n",
        "    [297, 234, 391, 107, 322, 331, 254, 302, 368, 149, 106, 384, 186,   0,  69, 191,  59,  35, 125, 167, 255,  44, 309, 245, 169, 327, 246, 335, 288],\n",
        "    [228, 175, 412,  38, 240, 272, 210, 233, 286,  80,  79, 325, 117,  69,   0, 122, 122,  56,  56, 108, 175, 113, 240, 176, 125, 280, 177, 266, 243],\n",
        "    [129, 176, 349, 121, 232, 226, 187,  98, 278, 132, 161, 279,  75, 191, 122,   0, 244, 178,  66, 160, 161, 235, 118,  62,  92, 277,  55, 155, 275],\n",
        "    [348, 265, 422, 152, 314, 362, 313, 344, 360, 193, 165, 415, 231,  59, 122, 244,   0,  66, 178, 198, 286,  77, 362, 287, 228, 358, 299, 380, 319],\n",
        "    [276, 199, 356,  86, 287, 296, 266, 289, 333, 127, 141, 349, 165,  35,  56, 178,  66,   0, 112, 132, 220,  79, 296, 232, 181, 292, 233, 314, 253],\n",
        "    [188, 182, 355,  68, 238, 232, 154, 177, 284, 100,  95, 285,  81, 125,  56,  66, 178, 112,   0, 128, 167, 169, 179, 120,  69, 283, 121, 213, 281],\n",
        "    [150,  67, 204,  70, 155, 164, 282, 216, 201,  28, 187, 217,  85, 167, 108, 160, 198, 132, 128,   0,  88, 211, 269, 159, 197, 172, 189, 182, 135],\n",
        "    [ 65,  42, 182, 137,  65,  85, 321, 141, 111,  95, 254, 138,  92, 255, 175, 161, 286, 220, 167,  88,   0, 299, 229, 104, 236, 110, 149,  97, 108],\n",
        "    [341, 278, 435, 151, 366, 375, 298, 346, 412, 193, 103, 428, 230,  44, 113, 235,  77,  79, 169, 211, 299,   0, 353, 289, 213, 371, 290, 379, 332],\n",
        "    [184, 271, 417, 239, 300, 249, 168, 108, 321, 241, 279, 310, 184, 309, 240, 118, 362, 296, 179, 269, 229, 353,   0, 121, 162, 345,  80, 189, 342],\n",
        "    [ 67, 146, 292, 135, 175, 147, 249,  57, 221, 131, 215, 200,  74, 245, 176,  62, 287, 232, 120, 159, 104, 289, 121,   0, 154, 220,  41,  93, 218],\n",
        "    [221, 251, 424, 137, 307, 301,  95, 190, 353, 169, 117, 354, 150, 169, 125,  92, 228, 181,  69, 197, 236, 213, 162, 154,   0, 352, 147, 247, 350],\n",
        "    [169, 105, 116, 242,  57, 118, 437, 245,  72, 200, 359, 169, 208, 327, 280, 277, 358, 292, 283, 172, 110, 371, 345, 220, 352,   0, 265, 178,  39],\n",
        "    [108, 191, 337, 165, 220, 188, 190,  43, 266, 161, 216, 241, 104, 246, 177,  55, 299, 233, 121, 189, 149, 290,  80,  41, 147, 265,   0, 124, 263],\n",
        "    [ 45, 139, 273, 228, 121,  60, 314,  81, 132, 189, 308, 112, 158, 335, 266, 155, 380, 314, 213, 182,  97, 379, 189,  93, 247, 178, 124,   0, 199],\n",
        "    [167,  79,  77, 205,  97, 185, 435, 243, 111, 163, 322, 238, 206, 288, 243, 275, 319, 253, 281, 135, 108, 332, 342, 218, 350,  39, 263, 199,   0],\n",
        "]\n",
        "\n",
        "great_value = 2020\n",
        "\n",
        "# Distance matrix generator\n",
        "def distance_matrix_generator(distance_matrix, percentage):\n",
        "  distance_matrix = distance_matrix[:]\n",
        "  dim = len(distance_matrix)\n",
        "  n_random = math.ceil( ((((dim * dim) - dim) / 2) * (100 - percentage) / 100 ) -1 )\n",
        "\n",
        "  for i in range(n_random):\n",
        "    x = random.randint(0, dim)\n",
        "    y = random.randint(0, dim-1)\n",
        "    if y >= x: y += 1\n",
        "    distance_matrix[x][y] = 10000\n",
        "    distance_matrix[y][x] = 10000\n",
        "\n",
        "    return distance_matrix\n",
        "\n",
        "# Basic use of the class\n",
        "distance_matrix_test = distance_matrix\n",
        "#distance_matrix_test = distance_matrix_generator(distance_matrix2, 10)\n",
        "\n",
        "\n",
        "localSearchs = [\"2-opt\", \"city_swap\", \"city_insert\"]     # 3/3\n",
        "perturbations = [\"double_bridge\", \"wolf_s_mouth\"]        # 2/2\n",
        "acceptanceTests = [\"better\", \"last\"]                     # 2/2\n",
        "\n",
        "tsp1 = SymmetricTPS(distance_matrix_test)\n",
        "tsp1.print_route()\n",
        "tsp1.ils(\"2-opt\", \"double_bridge\", \"last\", 1)\n",
        "tsp1.print_history()\n",
        "print()\n",
        "tsp1.print_route()"
      ],
      "execution_count": null,
      "outputs": [
        {
          "output_type": "stream",
          "name": "stdout",
          "text": [
            "Route solution:\n",
            " 0 -> 1 -> 2 -> 3 -> 4 -> 5 -> 6 -> 7 -> 8 -> 9 -> 10 -> 11 -> 12 -> 13 -> 14 -> 15 -> 16 -> 17 -> 18 -> 19 -> 20 -> 21 -> 22 -> 23 -> 24 -> 25 -> 26 -> 27 -> 28 -> 0\n",
            "Cost of route: 5752\n",
            "Storia\n",
            "Route:\n",
            " 0 -> 1 -> 2 -> 3 -> 4 -> 5 -> 6 -> 7 -> 8 -> 9 -> 10 -> 11 -> 12 -> 13 -> 14 -> 15 -> 16 -> 17 -> 18 -> 19 -> 20 -> 21 -> 22 -> 23 -> 24 -> 25 -> 26 -> 27 -> 28 -> 0\n",
            "Cost of route: 5752\n",
            "Route:\n",
            " 0 -> 26 -> 6 -> 24 -> 21 -> 13 -> 17 -> 16 -> 14 -> 10 -> 18 -> 7 -> 22 -> 23 -> 15 -> 12 -> 19 -> 3 -> 9 -> 27 -> 5 -> 11 -> 8 -> 4 -> 20 -> 1 -> 25 -> 2 -> 28 -> 0\n",
            "Cost of route: 2798\n",
            "Route:\n",
            " 0 -> 4 -> 5 -> 11 -> 8 -> 25 -> 28 -> 2 -> 1 -> 20 -> 27 -> 7 -> 26 -> 23 -> 15 -> 22 -> 6 -> 24 -> 21 -> 16 -> 13 -> 17 -> 19 -> 18 -> 10 -> 14 -> 3 -> 9 -> 12 -> 0\n",
            "Cost of route: 2480\n",
            "\n",
            "Route solution:\n",
            " 0 -> 4 -> 5 -> 11 -> 8 -> 25 -> 28 -> 2 -> 1 -> 20 -> 27 -> 7 -> 26 -> 23 -> 15 -> 22 -> 6 -> 24 -> 21 -> 16 -> 13 -> 17 -> 19 -> 18 -> 10 -> 14 -> 3 -> 9 -> 12 -> 0\n",
            "Cost of route: 2480\n"
          ]
        }
      ]
    },
    {
      "cell_type": "code",
      "metadata": {
        "id": "NtXgyQxE_zF1",
        "colab": {
          "base_uri": "https://localhost:8080/"
        },
        "outputId": "d9427028-db37-4189-cf33-05950fde120c"
      },
      "source": [
        "# Testing of all combinations of local search and perturbations with acceptance of the best\n",
        "result_tests_better = []\n",
        "i = 0\n",
        "for ls in localSearchs:\n",
        "  result_tests_better.append( [] )\n",
        "  for pr in perturbations:\n",
        "    tsp = SymmetricTPS(distance_matrix_test)\n",
        "    tsp.ils(ls, pr, \"better\", 100)\n",
        "    print(ls + '-' + pr)\n",
        "    tsp.print_route()\n",
        "    print()\n",
        "    result_tests_better[i].append( tsp.history_costs() )\n",
        "  i += 1"
      ],
      "execution_count": null,
      "outputs": [
        {
          "output_type": "stream",
          "name": "stdout",
          "text": [
            "2-opt-double_bridge\n",
            "Route solution:\n",
            " 0 -> 12 -> 15 -> 23 -> 7 -> 26 -> 22 -> 6 -> 24 -> 18 -> 10 -> 21 -> 13 -> 16 -> 17 -> 14 -> 3 -> 9 -> 19 -> 20 -> 1 -> 2 -> 28 -> 25 -> 4 -> 8 -> 11 -> 5 -> 27 -> 0\n",
            "Cost of route: 2039\n",
            "\n",
            "2-opt-wolf_s_mouth\n",
            "Route solution:\n",
            " 0 -> 7 -> 26 -> 22 -> 6 -> 24 -> 15 -> 23 -> 12 -> 18 -> 10 -> 21 -> 13 -> 16 -> 17 -> 14 -> 3 -> 9 -> 19 -> 20 -> 1 -> 2 -> 28 -> 25 -> 4 -> 8 -> 11 -> 5 -> 27 -> 0\n",
            "Cost of route: 2048\n",
            "\n",
            "city_swap-double_bridge\n",
            "Route solution:\n",
            " 0 -> 20 -> 12 -> 15 -> 26 -> 22 -> 6 -> 24 -> 18 -> 10 -> 14 -> 17 -> 16 -> 21 -> 13 -> 3 -> 9 -> 19 -> 1 -> 2 -> 28 -> 25 -> 4 -> 8 -> 11 -> 5 -> 27 -> 7 -> 23 -> 0\n",
            "Cost of route: 2136\n",
            "\n",
            "city_swap-wolf_s_mouth\n",
            "Route solution:\n",
            " 0 -> 26 -> 22 -> 6 -> 24 -> 15 -> 18 -> 10 -> 21 -> 13 -> 16 -> 17 -> 14 -> 3 -> 9 -> 19 -> 2 -> 28 -> 25 -> 8 -> 11 -> 5 -> 4 -> 20 -> 1 -> 12 -> 23 -> 7 -> 27 -> 0\n",
            "Cost of route: 2202\n",
            "\n",
            "city_insert-double_bridge\n",
            "Route solution:\n",
            " 0 -> 7 -> 15 -> 18 -> 16 -> 21 -> 3 -> 9 -> 14 -> 12 -> 10 -> 6 -> 24 -> 27 -> 5 -> 11 -> 8 -> 4 -> 2 -> 28 -> 25 -> 1 -> 23 -> 26 -> 22 -> 13 -> 17 -> 19 -> 20 -> 0\n",
            "Cost of route: 3143\n",
            "\n",
            "city_insert-wolf_s_mouth\n",
            "Route solution:\n",
            " 0 -> 20 -> 11 -> 7 -> 6 -> 24 -> 26 -> 15 -> 22 -> 12 -> 18 -> 13 -> 16 -> 21 -> 17 -> 14 -> 3 -> 19 -> 9 -> 10 -> 23 -> 1 -> 2 -> 28 -> 8 -> 25 -> 4 -> 5 -> 27 -> 0\n",
            "Cost of route: 2992\n",
            "\n"
          ]
        }
      ]
    },
    {
      "cell_type": "code",
      "metadata": {
        "colab": {
          "base_uri": "https://localhost:8080/",
          "height": 880
        },
        "id": "sfOD0wSa_ije",
        "outputId": "5deb9136-d007-4922-b897-ad9e01b32748"
      },
      "source": [
        "# Graph of all combinations of local search and perturbations with acceptance of the best\n",
        "fig, ax = plt.subplots(figsize=(30,15))\n",
        "for ls in range( len(localSearchs) ):\n",
        "  for pr in range( len(perturbations) ):\n",
        "    lab = localSearchs[ls] + '-' + perturbations[pr]\n",
        "    ax.plot(result_tests_better[ls][pr], marker='.', label=lab)\n",
        "\n",
        "ax.axhline(y=great_value, color='r', linestyle='-')\n",
        "ax.legend()"
      ],
      "execution_count": null,
      "outputs": [
        {
          "output_type": "execute_result",
          "data": {
            "text/plain": [
              "<matplotlib.legend.Legend at 0x7fab2524e890>"
            ]
          },
          "metadata": {},
          "execution_count": 4
        },
        {
          "output_type": "display_data",
          "data": {
